{
 "cells": [
  {
   "cell_type": "markdown",
   "id": "3dd25e85",
   "metadata": {},
   "source": [
    "## 건설기계 오일 상태 분류 AI 경진대회"
   ]
  },
  {
   "cell_type": "code",
   "execution_count": 3,
   "id": "4a75983d",
   "metadata": {},
   "outputs": [],
   "source": [
    "#라이브러리들을 불러오자.\n",
    "import numpy as np\n",
    "import pandas as pd\n",
    "\n",
    "# 전처리\n",
    "from sklearn.model_selection import train_test_split\n",
    "from sklearn.preprocessing import MinMaxScaler\n",
    "\n",
    "# 모델링\n",
    "from sklearn.linear_model import LogisticRegression\n",
    "from sklearn.tree import DecisionTreeClassifier, plot_tree\n",
    "from sklearn.neighbors import KNeighborsClassifier\n",
    "from sklearn.svm import SVC\n",
    "from sklearn.metrics import * \n",
    "from sklearn.model_selection import RandomizedSearchCV, GridSearchCV"
   ]
  },
  {
   "cell_type": "code",
   "execution_count": 4,
   "id": "963cf918",
   "metadata": {},
   "outputs": [],
   "source": [
    "data=pd.read_csv(\"train.csv\")"
   ]
  },
  {
   "cell_type": "code",
   "execution_count": 5,
   "id": "1f56fe86",
   "metadata": {},
   "outputs": [
    {
     "data": {
      "text/html": [
       "<div>\n",
       "<style scoped>\n",
       "    .dataframe tbody tr th:only-of-type {\n",
       "        vertical-align: middle;\n",
       "    }\n",
       "\n",
       "    .dataframe tbody tr th {\n",
       "        vertical-align: top;\n",
       "    }\n",
       "\n",
       "    .dataframe thead th {\n",
       "        text-align: right;\n",
       "    }\n",
       "</style>\n",
       "<table border=\"1\" class=\"dataframe\">\n",
       "  <thead>\n",
       "    <tr style=\"text-align: right;\">\n",
       "      <th></th>\n",
       "      <th>ID</th>\n",
       "      <th>COMPONENT_ARBITRARY</th>\n",
       "      <th>ANONYMOUS_1</th>\n",
       "      <th>YEAR</th>\n",
       "      <th>SAMPLE_TRANSFER_DAY</th>\n",
       "      <th>ANONYMOUS_2</th>\n",
       "      <th>AG</th>\n",
       "      <th>AL</th>\n",
       "      <th>B</th>\n",
       "      <th>BA</th>\n",
       "      <th>...</th>\n",
       "      <th>U25</th>\n",
       "      <th>U20</th>\n",
       "      <th>U14</th>\n",
       "      <th>U6</th>\n",
       "      <th>U4</th>\n",
       "      <th>V</th>\n",
       "      <th>V100</th>\n",
       "      <th>V40</th>\n",
       "      <th>ZN</th>\n",
       "      <th>Y_LABEL</th>\n",
       "    </tr>\n",
       "  </thead>\n",
       "  <tbody>\n",
       "    <tr>\n",
       "      <th>0</th>\n",
       "      <td>TRAIN_00000</td>\n",
       "      <td>COMPONENT3</td>\n",
       "      <td>1486</td>\n",
       "      <td>2011</td>\n",
       "      <td>7</td>\n",
       "      <td>200</td>\n",
       "      <td>0</td>\n",
       "      <td>3</td>\n",
       "      <td>93</td>\n",
       "      <td>0</td>\n",
       "      <td>...</td>\n",
       "      <td>NaN</td>\n",
       "      <td>NaN</td>\n",
       "      <td>NaN</td>\n",
       "      <td>NaN</td>\n",
       "      <td>NaN</td>\n",
       "      <td>0</td>\n",
       "      <td>NaN</td>\n",
       "      <td>154.0</td>\n",
       "      <td>75</td>\n",
       "      <td>0</td>\n",
       "    </tr>\n",
       "    <tr>\n",
       "      <th>1</th>\n",
       "      <td>TRAIN_00001</td>\n",
       "      <td>COMPONENT2</td>\n",
       "      <td>1350</td>\n",
       "      <td>2021</td>\n",
       "      <td>51</td>\n",
       "      <td>375</td>\n",
       "      <td>0</td>\n",
       "      <td>2</td>\n",
       "      <td>19</td>\n",
       "      <td>0</td>\n",
       "      <td>...</td>\n",
       "      <td>2.0</td>\n",
       "      <td>4.0</td>\n",
       "      <td>6.0</td>\n",
       "      <td>216.0</td>\n",
       "      <td>1454.0</td>\n",
       "      <td>0</td>\n",
       "      <td>NaN</td>\n",
       "      <td>44.0</td>\n",
       "      <td>652</td>\n",
       "      <td>0</td>\n",
       "    </tr>\n",
       "    <tr>\n",
       "      <th>2</th>\n",
       "      <td>TRAIN_00002</td>\n",
       "      <td>COMPONENT2</td>\n",
       "      <td>2415</td>\n",
       "      <td>2015</td>\n",
       "      <td>2</td>\n",
       "      <td>200</td>\n",
       "      <td>0</td>\n",
       "      <td>110</td>\n",
       "      <td>1</td>\n",
       "      <td>1</td>\n",
       "      <td>...</td>\n",
       "      <td>0.0</td>\n",
       "      <td>3.0</td>\n",
       "      <td>39.0</td>\n",
       "      <td>11261.0</td>\n",
       "      <td>41081.0</td>\n",
       "      <td>0</td>\n",
       "      <td>NaN</td>\n",
       "      <td>72.6</td>\n",
       "      <td>412</td>\n",
       "      <td>1</td>\n",
       "    </tr>\n",
       "    <tr>\n",
       "      <th>3</th>\n",
       "      <td>TRAIN_00003</td>\n",
       "      <td>COMPONENT3</td>\n",
       "      <td>7389</td>\n",
       "      <td>2010</td>\n",
       "      <td>2</td>\n",
       "      <td>200</td>\n",
       "      <td>0</td>\n",
       "      <td>8</td>\n",
       "      <td>3</td>\n",
       "      <td>0</td>\n",
       "      <td>...</td>\n",
       "      <td>NaN</td>\n",
       "      <td>NaN</td>\n",
       "      <td>NaN</td>\n",
       "      <td>NaN</td>\n",
       "      <td>NaN</td>\n",
       "      <td>0</td>\n",
       "      <td>NaN</td>\n",
       "      <td>133.3</td>\n",
       "      <td>7</td>\n",
       "      <td>0</td>\n",
       "    </tr>\n",
       "    <tr>\n",
       "      <th>4</th>\n",
       "      <td>TRAIN_00004</td>\n",
       "      <td>COMPONENT3</td>\n",
       "      <td>3954</td>\n",
       "      <td>2015</td>\n",
       "      <td>4</td>\n",
       "      <td>200</td>\n",
       "      <td>0</td>\n",
       "      <td>1</td>\n",
       "      <td>157</td>\n",
       "      <td>0</td>\n",
       "      <td>...</td>\n",
       "      <td>NaN</td>\n",
       "      <td>NaN</td>\n",
       "      <td>NaN</td>\n",
       "      <td>NaN</td>\n",
       "      <td>NaN</td>\n",
       "      <td>0</td>\n",
       "      <td>NaN</td>\n",
       "      <td>133.1</td>\n",
       "      <td>128</td>\n",
       "      <td>0</td>\n",
       "    </tr>\n",
       "  </tbody>\n",
       "</table>\n",
       "<p>5 rows × 54 columns</p>\n",
       "</div>"
      ],
      "text/plain": [
       "            ID COMPONENT_ARBITRARY  ANONYMOUS_1  YEAR  SAMPLE_TRANSFER_DAY  \\\n",
       "0  TRAIN_00000          COMPONENT3         1486  2011                    7   \n",
       "1  TRAIN_00001          COMPONENT2         1350  2021                   51   \n",
       "2  TRAIN_00002          COMPONENT2         2415  2015                    2   \n",
       "3  TRAIN_00003          COMPONENT3         7389  2010                    2   \n",
       "4  TRAIN_00004          COMPONENT3         3954  2015                    4   \n",
       "\n",
       "   ANONYMOUS_2  AG   AL    B  BA  ...  U25  U20   U14       U6       U4  V  \\\n",
       "0          200   0    3   93   0  ...  NaN  NaN   NaN      NaN      NaN  0   \n",
       "1          375   0    2   19   0  ...  2.0  4.0   6.0    216.0   1454.0  0   \n",
       "2          200   0  110    1   1  ...  0.0  3.0  39.0  11261.0  41081.0  0   \n",
       "3          200   0    8    3   0  ...  NaN  NaN   NaN      NaN      NaN  0   \n",
       "4          200   0    1  157   0  ...  NaN  NaN   NaN      NaN      NaN  0   \n",
       "\n",
       "   V100    V40   ZN  Y_LABEL  \n",
       "0   NaN  154.0   75        0  \n",
       "1   NaN   44.0  652        0  \n",
       "2   NaN   72.6  412        1  \n",
       "3   NaN  133.3    7        0  \n",
       "4   NaN  133.1  128        0  \n",
       "\n",
       "[5 rows x 54 columns]"
      ]
     },
     "execution_count": 5,
     "metadata": {},
     "output_type": "execute_result"
    }
   ],
   "source": [
    "data.head()"
   ]
  },
  {
   "cell_type": "code",
   "execution_count": 6,
   "id": "b3401334",
   "metadata": {
    "scrolled": false
   },
   "outputs": [
    {
     "data": {
      "text/plain": [
       "ID                         0\n",
       "COMPONENT_ARBITRARY        0\n",
       "ANONYMOUS_1                0\n",
       "YEAR                       0\n",
       "SAMPLE_TRANSFER_DAY        0\n",
       "ANONYMOUS_2                0\n",
       "AG                         0\n",
       "AL                         0\n",
       "B                          0\n",
       "BA                         0\n",
       "BE                         0\n",
       "CA                         0\n",
       "CD                      1394\n",
       "CO                         0\n",
       "CR                         0\n",
       "CU                         0\n",
       "FH2O                   10205\n",
       "FNOX                   10205\n",
       "FOPTIMETHGLY           10205\n",
       "FOXID                  10205\n",
       "FSO4                   10205\n",
       "FTBN                   10205\n",
       "FE                         0\n",
       "FUEL                   10205\n",
       "H2O                        0\n",
       "K                       2299\n",
       "LI                         0\n",
       "MG                         0\n",
       "MN                         0\n",
       "MO                         0\n",
       "NA                         0\n",
       "NI                         0\n",
       "P                          0\n",
       "PB                         0\n",
       "PQINDEX                    0\n",
       "S                          0\n",
       "SB                         0\n",
       "SI                         0\n",
       "SN                         0\n",
       "SOOTPERCENTAGE         10205\n",
       "TI                         0\n",
       "U100                   11779\n",
       "U75                    11779\n",
       "U50                    11779\n",
       "U25                    11779\n",
       "U20                    11779\n",
       "U14                    11977\n",
       "U6                     11977\n",
       "U4                     11977\n",
       "V                          0\n",
       "V100                   10371\n",
       "V40                        0\n",
       "ZN                         0\n",
       "Y_LABEL                    0\n",
       "dtype: int64"
      ]
     },
     "execution_count": 6,
     "metadata": {},
     "output_type": "execute_result"
    }
   ],
   "source": [
    "data.isna().sum()"
   ]
  },
  {
   "cell_type": "code",
   "execution_count": 11,
   "id": "d54b1039",
   "metadata": {
    "scrolled": true
   },
   "outputs": [],
   "source": [
    "col.append('Y_LABEL')"
   ]
  },
  {
   "cell_type": "code",
   "execution_count": 12,
   "id": "318241ba",
   "metadata": {},
   "outputs": [],
   "source": [
    "data=data[col]"
   ]
  },
  {
   "cell_type": "code",
   "execution_count": 13,
   "id": "d2e86cf3",
   "metadata": {},
   "outputs": [
    {
     "name": "stdout",
     "output_type": "stream",
     "text": [
      "<class 'pandas.core.frame.DataFrame'>\n",
      "RangeIndex: 14095 entries, 0 to 14094\n",
      "Data columns (total 20 columns):\n",
      " #   Column               Non-Null Count  Dtype  \n",
      "---  ------               --------------  -----  \n",
      " 0   ID                   14095 non-null  object \n",
      " 1   COMPONENT_ARBITRARY  14095 non-null  object \n",
      " 2   ANONYMOUS_1          14095 non-null  int64  \n",
      " 3   YEAR                 14095 non-null  int64  \n",
      " 4   ANONYMOUS_2          14095 non-null  int64  \n",
      " 5   AG                   14095 non-null  int64  \n",
      " 6   CO                   14095 non-null  int64  \n",
      " 7   CR                   14095 non-null  int64  \n",
      " 8   CU                   14095 non-null  int64  \n",
      " 9   FE                   14095 non-null  int64  \n",
      " 10  H2O                  14095 non-null  float64\n",
      " 11  MN                   14095 non-null  int64  \n",
      " 12  MO                   14095 non-null  int64  \n",
      " 13  NI                   14095 non-null  int64  \n",
      " 14  PQINDEX              14095 non-null  int64  \n",
      " 15  TI                   14095 non-null  int64  \n",
      " 16  V                    14095 non-null  int64  \n",
      " 17  V40                  14095 non-null  float64\n",
      " 18  ZN                   14095 non-null  int64  \n",
      " 19  Y_LABEL              14095 non-null  int64  \n",
      "dtypes: float64(2), int64(16), object(2)\n",
      "memory usage: 2.2+ MB\n"
     ]
    }
   ],
   "source": [
    "data.info()"
   ]
  },
  {
   "cell_type": "code",
   "execution_count": 14,
   "id": "cc3d5a41",
   "metadata": {
    "scrolled": true
   },
   "outputs": [],
   "source": [
    "data.fillna(0,inplace=True)"
   ]
  },
  {
   "cell_type": "code",
   "execution_count": 15,
   "id": "81a6b61a",
   "metadata": {
    "scrolled": false
   },
   "outputs": [
    {
     "data": {
      "text/html": [
       "<div>\n",
       "<style scoped>\n",
       "    .dataframe tbody tr th:only-of-type {\n",
       "        vertical-align: middle;\n",
       "    }\n",
       "\n",
       "    .dataframe tbody tr th {\n",
       "        vertical-align: top;\n",
       "    }\n",
       "\n",
       "    .dataframe thead th {\n",
       "        text-align: right;\n",
       "    }\n",
       "</style>\n",
       "<table border=\"1\" class=\"dataframe\">\n",
       "  <thead>\n",
       "    <tr style=\"text-align: right;\">\n",
       "      <th></th>\n",
       "      <th>ANONYMOUS_1</th>\n",
       "      <th>YEAR</th>\n",
       "      <th>ANONYMOUS_2</th>\n",
       "      <th>AG</th>\n",
       "      <th>CO</th>\n",
       "      <th>CR</th>\n",
       "      <th>CU</th>\n",
       "      <th>FE</th>\n",
       "      <th>H2O</th>\n",
       "      <th>MN</th>\n",
       "      <th>MO</th>\n",
       "      <th>NI</th>\n",
       "      <th>PQINDEX</th>\n",
       "      <th>TI</th>\n",
       "      <th>V</th>\n",
       "      <th>V40</th>\n",
       "      <th>ZN</th>\n",
       "      <th>Y_LABEL</th>\n",
       "    </tr>\n",
       "  </thead>\n",
       "  <tbody>\n",
       "    <tr>\n",
       "      <th>ANONYMOUS_1</th>\n",
       "      <td>1.000000</td>\n",
       "      <td>0.106546</td>\n",
       "      <td>0.072154</td>\n",
       "      <td>-0.025674</td>\n",
       "      <td>-0.003783</td>\n",
       "      <td>-0.007035</td>\n",
       "      <td>-0.014086</td>\n",
       "      <td>0.000440</td>\n",
       "      <td>0.003868</td>\n",
       "      <td>-0.004212</td>\n",
       "      <td>-0.006206</td>\n",
       "      <td>-0.007862</td>\n",
       "      <td>0.002277</td>\n",
       "      <td>0.001832</td>\n",
       "      <td>0.001883</td>\n",
       "      <td>0.019542</td>\n",
       "      <td>-0.019991</td>\n",
       "      <td>0.044197</td>\n",
       "    </tr>\n",
       "    <tr>\n",
       "      <th>YEAR</th>\n",
       "      <td>0.106546</td>\n",
       "      <td>1.000000</td>\n",
       "      <td>0.138199</td>\n",
       "      <td>-0.129124</td>\n",
       "      <td>-0.052337</td>\n",
       "      <td>-0.028871</td>\n",
       "      <td>-0.137593</td>\n",
       "      <td>-0.057709</td>\n",
       "      <td>0.009855</td>\n",
       "      <td>-0.039132</td>\n",
       "      <td>-0.091482</td>\n",
       "      <td>-0.049206</td>\n",
       "      <td>-0.067160</td>\n",
       "      <td>0.006399</td>\n",
       "      <td>-0.027624</td>\n",
       "      <td>-0.051584</td>\n",
       "      <td>0.048572</td>\n",
       "      <td>-0.087871</td>\n",
       "    </tr>\n",
       "    <tr>\n",
       "      <th>ANONYMOUS_2</th>\n",
       "      <td>0.072154</td>\n",
       "      <td>0.138199</td>\n",
       "      <td>1.000000</td>\n",
       "      <td>-0.006266</td>\n",
       "      <td>-0.000070</td>\n",
       "      <td>-0.001826</td>\n",
       "      <td>-0.002244</td>\n",
       "      <td>-0.004608</td>\n",
       "      <td>-0.003760</td>\n",
       "      <td>0.003304</td>\n",
       "      <td>-0.008465</td>\n",
       "      <td>-0.003914</td>\n",
       "      <td>-0.010409</td>\n",
       "      <td>-0.000981</td>\n",
       "      <td>-0.006469</td>\n",
       "      <td>-0.025339</td>\n",
       "      <td>0.032758</td>\n",
       "      <td>-0.033641</td>\n",
       "    </tr>\n",
       "    <tr>\n",
       "      <th>AG</th>\n",
       "      <td>-0.025674</td>\n",
       "      <td>-0.129124</td>\n",
       "      <td>-0.006266</td>\n",
       "      <td>1.000000</td>\n",
       "      <td>0.008861</td>\n",
       "      <td>0.005397</td>\n",
       "      <td>0.051046</td>\n",
       "      <td>0.025959</td>\n",
       "      <td>-0.003850</td>\n",
       "      <td>0.019507</td>\n",
       "      <td>0.013124</td>\n",
       "      <td>0.054014</td>\n",
       "      <td>0.030929</td>\n",
       "      <td>0.003609</td>\n",
       "      <td>-0.003853</td>\n",
       "      <td>0.013592</td>\n",
       "      <td>0.002631</td>\n",
       "      <td>0.014671</td>\n",
       "    </tr>\n",
       "    <tr>\n",
       "      <th>CO</th>\n",
       "      <td>-0.003783</td>\n",
       "      <td>-0.052337</td>\n",
       "      <td>-0.000070</td>\n",
       "      <td>0.008861</td>\n",
       "      <td>1.000000</td>\n",
       "      <td>0.173352</td>\n",
       "      <td>0.265347</td>\n",
       "      <td>0.536765</td>\n",
       "      <td>0.059836</td>\n",
       "      <td>0.425149</td>\n",
       "      <td>0.001389</td>\n",
       "      <td>0.402024</td>\n",
       "      <td>0.174601</td>\n",
       "      <td>0.263407</td>\n",
       "      <td>0.271112</td>\n",
       "      <td>0.107868</td>\n",
       "      <td>-0.018264</td>\n",
       "      <td>0.008175</td>\n",
       "    </tr>\n",
       "    <tr>\n",
       "      <th>CR</th>\n",
       "      <td>-0.007035</td>\n",
       "      <td>-0.028871</td>\n",
       "      <td>-0.001826</td>\n",
       "      <td>0.005397</td>\n",
       "      <td>0.173352</td>\n",
       "      <td>1.000000</td>\n",
       "      <td>0.050596</td>\n",
       "      <td>0.314226</td>\n",
       "      <td>0.037587</td>\n",
       "      <td>0.247603</td>\n",
       "      <td>-0.008194</td>\n",
       "      <td>0.221551</td>\n",
       "      <td>0.147009</td>\n",
       "      <td>0.226221</td>\n",
       "      <td>0.391048</td>\n",
       "      <td>0.079090</td>\n",
       "      <td>-0.053180</td>\n",
       "      <td>0.014233</td>\n",
       "    </tr>\n",
       "    <tr>\n",
       "      <th>CU</th>\n",
       "      <td>-0.014086</td>\n",
       "      <td>-0.137593</td>\n",
       "      <td>-0.002244</td>\n",
       "      <td>0.051046</td>\n",
       "      <td>0.265347</td>\n",
       "      <td>0.050596</td>\n",
       "      <td>1.000000</td>\n",
       "      <td>0.287277</td>\n",
       "      <td>-0.001719</td>\n",
       "      <td>0.222300</td>\n",
       "      <td>-0.017165</td>\n",
       "      <td>0.486860</td>\n",
       "      <td>0.120772</td>\n",
       "      <td>0.102578</td>\n",
       "      <td>0.089311</td>\n",
       "      <td>-0.067575</td>\n",
       "      <td>0.040869</td>\n",
       "      <td>0.024975</td>\n",
       "    </tr>\n",
       "    <tr>\n",
       "      <th>FE</th>\n",
       "      <td>0.000440</td>\n",
       "      <td>-0.057709</td>\n",
       "      <td>-0.004608</td>\n",
       "      <td>0.025959</td>\n",
       "      <td>0.536765</td>\n",
       "      <td>0.314226</td>\n",
       "      <td>0.287277</td>\n",
       "      <td>1.000000</td>\n",
       "      <td>0.118843</td>\n",
       "      <td>0.622415</td>\n",
       "      <td>-0.063966</td>\n",
       "      <td>0.583322</td>\n",
       "      <td>0.427582</td>\n",
       "      <td>0.384018</td>\n",
       "      <td>0.341445</td>\n",
       "      <td>0.247786</td>\n",
       "      <td>-0.155119</td>\n",
       "      <td>0.047992</td>\n",
       "    </tr>\n",
       "    <tr>\n",
       "      <th>H2O</th>\n",
       "      <td>0.003868</td>\n",
       "      <td>0.009855</td>\n",
       "      <td>-0.003760</td>\n",
       "      <td>-0.003850</td>\n",
       "      <td>0.059836</td>\n",
       "      <td>0.037587</td>\n",
       "      <td>-0.001719</td>\n",
       "      <td>0.118843</td>\n",
       "      <td>1.000000</td>\n",
       "      <td>0.144325</td>\n",
       "      <td>-0.009545</td>\n",
       "      <td>0.051752</td>\n",
       "      <td>0.081923</td>\n",
       "      <td>0.153990</td>\n",
       "      <td>0.048667</td>\n",
       "      <td>0.371215</td>\n",
       "      <td>-0.031378</td>\n",
       "      <td>-0.004262</td>\n",
       "    </tr>\n",
       "    <tr>\n",
       "      <th>MN</th>\n",
       "      <td>-0.004212</td>\n",
       "      <td>-0.039132</td>\n",
       "      <td>0.003304</td>\n",
       "      <td>0.019507</td>\n",
       "      <td>0.425149</td>\n",
       "      <td>0.247603</td>\n",
       "      <td>0.222300</td>\n",
       "      <td>0.622415</td>\n",
       "      <td>0.144325</td>\n",
       "      <td>1.000000</td>\n",
       "      <td>-0.047064</td>\n",
       "      <td>0.527618</td>\n",
       "      <td>0.376253</td>\n",
       "      <td>0.585042</td>\n",
       "      <td>0.375177</td>\n",
       "      <td>0.149613</td>\n",
       "      <td>-0.043602</td>\n",
       "      <td>0.024274</td>\n",
       "    </tr>\n",
       "    <tr>\n",
       "      <th>MO</th>\n",
       "      <td>-0.006206</td>\n",
       "      <td>-0.091482</td>\n",
       "      <td>-0.008465</td>\n",
       "      <td>0.013124</td>\n",
       "      <td>0.001389</td>\n",
       "      <td>-0.008194</td>\n",
       "      <td>-0.017165</td>\n",
       "      <td>-0.063966</td>\n",
       "      <td>-0.009545</td>\n",
       "      <td>-0.047064</td>\n",
       "      <td>1.000000</td>\n",
       "      <td>-0.042836</td>\n",
       "      <td>-0.082270</td>\n",
       "      <td>-0.031276</td>\n",
       "      <td>-0.010015</td>\n",
       "      <td>-0.008135</td>\n",
       "      <td>0.464920</td>\n",
       "      <td>0.001206</td>\n",
       "    </tr>\n",
       "    <tr>\n",
       "      <th>NI</th>\n",
       "      <td>-0.007862</td>\n",
       "      <td>-0.049206</td>\n",
       "      <td>-0.003914</td>\n",
       "      <td>0.054014</td>\n",
       "      <td>0.402024</td>\n",
       "      <td>0.221551</td>\n",
       "      <td>0.486860</td>\n",
       "      <td>0.583322</td>\n",
       "      <td>0.051752</td>\n",
       "      <td>0.527618</td>\n",
       "      <td>-0.042836</td>\n",
       "      <td>1.000000</td>\n",
       "      <td>0.356092</td>\n",
       "      <td>0.413859</td>\n",
       "      <td>0.282643</td>\n",
       "      <td>0.156179</td>\n",
       "      <td>-0.071762</td>\n",
       "      <td>0.046806</td>\n",
       "    </tr>\n",
       "    <tr>\n",
       "      <th>PQINDEX</th>\n",
       "      <td>0.002277</td>\n",
       "      <td>-0.067160</td>\n",
       "      <td>-0.010409</td>\n",
       "      <td>0.030929</td>\n",
       "      <td>0.174601</td>\n",
       "      <td>0.147009</td>\n",
       "      <td>0.120772</td>\n",
       "      <td>0.427582</td>\n",
       "      <td>0.081923</td>\n",
       "      <td>0.376253</td>\n",
       "      <td>-0.082270</td>\n",
       "      <td>0.356092</td>\n",
       "      <td>1.000000</td>\n",
       "      <td>0.258396</td>\n",
       "      <td>0.140424</td>\n",
       "      <td>0.225919</td>\n",
       "      <td>-0.176966</td>\n",
       "      <td>0.028966</td>\n",
       "    </tr>\n",
       "    <tr>\n",
       "      <th>TI</th>\n",
       "      <td>0.001832</td>\n",
       "      <td>0.006399</td>\n",
       "      <td>-0.000981</td>\n",
       "      <td>0.003609</td>\n",
       "      <td>0.263407</td>\n",
       "      <td>0.226221</td>\n",
       "      <td>0.102578</td>\n",
       "      <td>0.384018</td>\n",
       "      <td>0.153990</td>\n",
       "      <td>0.585042</td>\n",
       "      <td>-0.031276</td>\n",
       "      <td>0.413859</td>\n",
       "      <td>0.258396</td>\n",
       "      <td>1.000000</td>\n",
       "      <td>0.677756</td>\n",
       "      <td>0.170358</td>\n",
       "      <td>-0.081120</td>\n",
       "      <td>0.025637</td>\n",
       "    </tr>\n",
       "    <tr>\n",
       "      <th>V</th>\n",
       "      <td>0.001883</td>\n",
       "      <td>-0.027624</td>\n",
       "      <td>-0.006469</td>\n",
       "      <td>-0.003853</td>\n",
       "      <td>0.271112</td>\n",
       "      <td>0.391048</td>\n",
       "      <td>0.089311</td>\n",
       "      <td>0.341445</td>\n",
       "      <td>0.048667</td>\n",
       "      <td>0.375177</td>\n",
       "      <td>-0.010015</td>\n",
       "      <td>0.282643</td>\n",
       "      <td>0.140424</td>\n",
       "      <td>0.677756</td>\n",
       "      <td>1.000000</td>\n",
       "      <td>0.084751</td>\n",
       "      <td>-0.054905</td>\n",
       "      <td>0.020862</td>\n",
       "    </tr>\n",
       "    <tr>\n",
       "      <th>V40</th>\n",
       "      <td>0.019542</td>\n",
       "      <td>-0.051584</td>\n",
       "      <td>-0.025339</td>\n",
       "      <td>0.013592</td>\n",
       "      <td>0.107868</td>\n",
       "      <td>0.079090</td>\n",
       "      <td>-0.067575</td>\n",
       "      <td>0.247786</td>\n",
       "      <td>0.371215</td>\n",
       "      <td>0.149613</td>\n",
       "      <td>-0.008135</td>\n",
       "      <td>0.156179</td>\n",
       "      <td>0.225919</td>\n",
       "      <td>0.170358</td>\n",
       "      <td>0.084751</td>\n",
       "      <td>1.000000</td>\n",
       "      <td>-0.436501</td>\n",
       "      <td>0.023195</td>\n",
       "    </tr>\n",
       "    <tr>\n",
       "      <th>ZN</th>\n",
       "      <td>-0.019991</td>\n",
       "      <td>0.048572</td>\n",
       "      <td>0.032758</td>\n",
       "      <td>0.002631</td>\n",
       "      <td>-0.018264</td>\n",
       "      <td>-0.053180</td>\n",
       "      <td>0.040869</td>\n",
       "      <td>-0.155119</td>\n",
       "      <td>-0.031378</td>\n",
       "      <td>-0.043602</td>\n",
       "      <td>0.464920</td>\n",
       "      <td>-0.071762</td>\n",
       "      <td>-0.176966</td>\n",
       "      <td>-0.081120</td>\n",
       "      <td>-0.054905</td>\n",
       "      <td>-0.436501</td>\n",
       "      <td>1.000000</td>\n",
       "      <td>-0.027551</td>\n",
       "    </tr>\n",
       "    <tr>\n",
       "      <th>Y_LABEL</th>\n",
       "      <td>0.044197</td>\n",
       "      <td>-0.087871</td>\n",
       "      <td>-0.033641</td>\n",
       "      <td>0.014671</td>\n",
       "      <td>0.008175</td>\n",
       "      <td>0.014233</td>\n",
       "      <td>0.024975</td>\n",
       "      <td>0.047992</td>\n",
       "      <td>-0.004262</td>\n",
       "      <td>0.024274</td>\n",
       "      <td>0.001206</td>\n",
       "      <td>0.046806</td>\n",
       "      <td>0.028966</td>\n",
       "      <td>0.025637</td>\n",
       "      <td>0.020862</td>\n",
       "      <td>0.023195</td>\n",
       "      <td>-0.027551</td>\n",
       "      <td>1.000000</td>\n",
       "    </tr>\n",
       "  </tbody>\n",
       "</table>\n",
       "</div>"
      ],
      "text/plain": [
       "             ANONYMOUS_1      YEAR  ANONYMOUS_2        AG        CO        CR  \\\n",
       "ANONYMOUS_1     1.000000  0.106546     0.072154 -0.025674 -0.003783 -0.007035   \n",
       "YEAR            0.106546  1.000000     0.138199 -0.129124 -0.052337 -0.028871   \n",
       "ANONYMOUS_2     0.072154  0.138199     1.000000 -0.006266 -0.000070 -0.001826   \n",
       "AG             -0.025674 -0.129124    -0.006266  1.000000  0.008861  0.005397   \n",
       "CO             -0.003783 -0.052337    -0.000070  0.008861  1.000000  0.173352   \n",
       "CR             -0.007035 -0.028871    -0.001826  0.005397  0.173352  1.000000   \n",
       "CU             -0.014086 -0.137593    -0.002244  0.051046  0.265347  0.050596   \n",
       "FE              0.000440 -0.057709    -0.004608  0.025959  0.536765  0.314226   \n",
       "H2O             0.003868  0.009855    -0.003760 -0.003850  0.059836  0.037587   \n",
       "MN             -0.004212 -0.039132     0.003304  0.019507  0.425149  0.247603   \n",
       "MO             -0.006206 -0.091482    -0.008465  0.013124  0.001389 -0.008194   \n",
       "NI             -0.007862 -0.049206    -0.003914  0.054014  0.402024  0.221551   \n",
       "PQINDEX         0.002277 -0.067160    -0.010409  0.030929  0.174601  0.147009   \n",
       "TI              0.001832  0.006399    -0.000981  0.003609  0.263407  0.226221   \n",
       "V               0.001883 -0.027624    -0.006469 -0.003853  0.271112  0.391048   \n",
       "V40             0.019542 -0.051584    -0.025339  0.013592  0.107868  0.079090   \n",
       "ZN             -0.019991  0.048572     0.032758  0.002631 -0.018264 -0.053180   \n",
       "Y_LABEL         0.044197 -0.087871    -0.033641  0.014671  0.008175  0.014233   \n",
       "\n",
       "                   CU        FE       H2O        MN        MO        NI  \\\n",
       "ANONYMOUS_1 -0.014086  0.000440  0.003868 -0.004212 -0.006206 -0.007862   \n",
       "YEAR        -0.137593 -0.057709  0.009855 -0.039132 -0.091482 -0.049206   \n",
       "ANONYMOUS_2 -0.002244 -0.004608 -0.003760  0.003304 -0.008465 -0.003914   \n",
       "AG           0.051046  0.025959 -0.003850  0.019507  0.013124  0.054014   \n",
       "CO           0.265347  0.536765  0.059836  0.425149  0.001389  0.402024   \n",
       "CR           0.050596  0.314226  0.037587  0.247603 -0.008194  0.221551   \n",
       "CU           1.000000  0.287277 -0.001719  0.222300 -0.017165  0.486860   \n",
       "FE           0.287277  1.000000  0.118843  0.622415 -0.063966  0.583322   \n",
       "H2O         -0.001719  0.118843  1.000000  0.144325 -0.009545  0.051752   \n",
       "MN           0.222300  0.622415  0.144325  1.000000 -0.047064  0.527618   \n",
       "MO          -0.017165 -0.063966 -0.009545 -0.047064  1.000000 -0.042836   \n",
       "NI           0.486860  0.583322  0.051752  0.527618 -0.042836  1.000000   \n",
       "PQINDEX      0.120772  0.427582  0.081923  0.376253 -0.082270  0.356092   \n",
       "TI           0.102578  0.384018  0.153990  0.585042 -0.031276  0.413859   \n",
       "V            0.089311  0.341445  0.048667  0.375177 -0.010015  0.282643   \n",
       "V40         -0.067575  0.247786  0.371215  0.149613 -0.008135  0.156179   \n",
       "ZN           0.040869 -0.155119 -0.031378 -0.043602  0.464920 -0.071762   \n",
       "Y_LABEL      0.024975  0.047992 -0.004262  0.024274  0.001206  0.046806   \n",
       "\n",
       "              PQINDEX        TI         V       V40        ZN   Y_LABEL  \n",
       "ANONYMOUS_1  0.002277  0.001832  0.001883  0.019542 -0.019991  0.044197  \n",
       "YEAR        -0.067160  0.006399 -0.027624 -0.051584  0.048572 -0.087871  \n",
       "ANONYMOUS_2 -0.010409 -0.000981 -0.006469 -0.025339  0.032758 -0.033641  \n",
       "AG           0.030929  0.003609 -0.003853  0.013592  0.002631  0.014671  \n",
       "CO           0.174601  0.263407  0.271112  0.107868 -0.018264  0.008175  \n",
       "CR           0.147009  0.226221  0.391048  0.079090 -0.053180  0.014233  \n",
       "CU           0.120772  0.102578  0.089311 -0.067575  0.040869  0.024975  \n",
       "FE           0.427582  0.384018  0.341445  0.247786 -0.155119  0.047992  \n",
       "H2O          0.081923  0.153990  0.048667  0.371215 -0.031378 -0.004262  \n",
       "MN           0.376253  0.585042  0.375177  0.149613 -0.043602  0.024274  \n",
       "MO          -0.082270 -0.031276 -0.010015 -0.008135  0.464920  0.001206  \n",
       "NI           0.356092  0.413859  0.282643  0.156179 -0.071762  0.046806  \n",
       "PQINDEX      1.000000  0.258396  0.140424  0.225919 -0.176966  0.028966  \n",
       "TI           0.258396  1.000000  0.677756  0.170358 -0.081120  0.025637  \n",
       "V            0.140424  0.677756  1.000000  0.084751 -0.054905  0.020862  \n",
       "V40          0.225919  0.170358  0.084751  1.000000 -0.436501  0.023195  \n",
       "ZN          -0.176966 -0.081120 -0.054905 -0.436501  1.000000 -0.027551  \n",
       "Y_LABEL      0.028966  0.025637  0.020862  0.023195 -0.027551  1.000000  "
      ]
     },
     "execution_count": 15,
     "metadata": {},
     "output_type": "execute_result"
    }
   ],
   "source": [
    "data.corr()"
   ]
  },
  {
   "cell_type": "code",
   "execution_count": 16,
   "id": "9e2ead52",
   "metadata": {},
   "outputs": [],
   "source": [
    "x=data.drop(['Y_LABEL','COMPONENT_ARBITRARY','ID'],axis=1)"
   ]
  },
  {
   "cell_type": "code",
   "execution_count": 17,
   "id": "4675b8e0",
   "metadata": {},
   "outputs": [],
   "source": [
    "y=data['Y_LABEL']"
   ]
  },
  {
   "cell_type": "code",
   "execution_count": 106,
   "id": "c0e3dfed",
   "metadata": {},
   "outputs": [],
   "source": [
    "x=pd.get_dummies(x,'COMPONENT_ARBITRARY')"
   ]
  },
  {
   "cell_type": "code",
   "execution_count": 18,
   "id": "9831e530",
   "metadata": {},
   "outputs": [],
   "source": [
    "x_train, x_val, y_train, y_val = train_test_split(x, y, test_size = .3, random_state = 2022)"
   ]
  },
  {
   "cell_type": "markdown",
   "id": "ba7af2f0",
   "metadata": {},
   "source": [
    "#### XGB"
   ]
  },
  {
   "cell_type": "code",
   "execution_count": 132,
   "id": "0351ac3b",
   "metadata": {},
   "outputs": [],
   "source": [
    "from xgboost import XGBClassifier"
   ]
  },
  {
   "cell_type": "code",
   "execution_count": 140,
   "id": "69ebfa3f",
   "metadata": {
    "scrolled": true
   },
   "outputs": [
    {
     "name": "stdout",
     "output_type": "stream",
     "text": [
      "              precision    recall  f1-score   support\n",
      "\n",
      "           0       0.91      0.99      0.95      3850\n",
      "           1       0.41      0.04      0.08       379\n",
      "\n",
      "    accuracy                           0.91      4229\n",
      "   macro avg       0.66      0.52      0.52      4229\n",
      "weighted avg       0.87      0.91      0.87      4229\n",
      "\n"
     ]
    }
   ],
   "source": [
    "xgb=XGBClassifier()\n",
    "xgb.fit(x_train,y_train)\n",
    "xgb_pred=xgb.predict(x_val)\n",
    "print(classification_report(y_val,xgb_pred))"
   ]
  },
  {
   "cell_type": "markdown",
   "id": "69daf481",
   "metadata": {},
   "source": [
    "#### RF"
   ]
  },
  {
   "cell_type": "code",
   "execution_count": 1,
   "id": "c4c57c63",
   "metadata": {},
   "outputs": [],
   "source": [
    "from sklearn.ensemble import RandomForestClassifier"
   ]
  },
  {
   "cell_type": "code",
   "execution_count": 19,
   "id": "559e4c88",
   "metadata": {},
   "outputs": [
    {
     "data": {
      "text/plain": [
       "RandomForestClassifier()"
      ]
     },
     "execution_count": 19,
     "metadata": {},
     "output_type": "execute_result"
    }
   ],
   "source": [
    "rf=RandomForestClassifier()\n",
    "rf.fit(x_train,y_train)"
   ]
  },
  {
   "cell_type": "code",
   "execution_count": 20,
   "id": "935255a2",
   "metadata": {},
   "outputs": [],
   "source": [
    "rf_pred=rf.predict(x_val)"
   ]
  },
  {
   "cell_type": "code",
   "execution_count": 21,
   "id": "af8c18d0",
   "metadata": {},
   "outputs": [
    {
     "name": "stdout",
     "output_type": "stream",
     "text": [
      "              precision    recall  f1-score   support\n",
      "\n",
      "           0       0.91      1.00      0.95      3850\n",
      "           1       0.69      0.02      0.05       379\n",
      "\n",
      "    accuracy                           0.91      4229\n",
      "   macro avg       0.80      0.51      0.50      4229\n",
      "weighted avg       0.89      0.91      0.87      4229\n",
      "\n"
     ]
    }
   ],
   "source": [
    "print(classification_report(y_val,rf_pred))"
   ]
  },
  {
   "cell_type": "code",
   "execution_count": null,
   "id": "8225daff",
   "metadata": {},
   "outputs": [],
   "source": []
  },
  {
   "cell_type": "markdown",
   "id": "7b6931f2",
   "metadata": {},
   "source": [
    "#### test"
   ]
  },
  {
   "cell_type": "code",
   "execution_count": 30,
   "id": "da6b2cc7",
   "metadata": {},
   "outputs": [],
   "source": [
    "test_data=pd.read_csv(\"test.csv\")"
   ]
  },
  {
   "cell_type": "code",
   "execution_count": 10,
   "id": "16ca84e0",
   "metadata": {},
   "outputs": [],
   "source": [
    "col=list(test_data.columns)"
   ]
  },
  {
   "cell_type": "code",
   "execution_count": 22,
   "id": "d3833bc1",
   "metadata": {
    "scrolled": true
   },
   "outputs": [],
   "source": [
    "test_data.fillna(0,inplace=True)\n",
    "test_data.drop(['COMPONENT_ARBITRARY','ID'],axis=1,inplace=True)\n",
    "#test_data=pd.get_dummies(test_data,'COMPONENT_ARBITRARY')"
   ]
  },
  {
   "cell_type": "code",
   "execution_count": 23,
   "id": "732f9027",
   "metadata": {
    "scrolled": false
   },
   "outputs": [
    {
     "data": {
      "text/html": [
       "<div>\n",
       "<style scoped>\n",
       "    .dataframe tbody tr th:only-of-type {\n",
       "        vertical-align: middle;\n",
       "    }\n",
       "\n",
       "    .dataframe tbody tr th {\n",
       "        vertical-align: top;\n",
       "    }\n",
       "\n",
       "    .dataframe thead th {\n",
       "        text-align: right;\n",
       "    }\n",
       "</style>\n",
       "<table border=\"1\" class=\"dataframe\">\n",
       "  <thead>\n",
       "    <tr style=\"text-align: right;\">\n",
       "      <th></th>\n",
       "      <th>ANONYMOUS_1</th>\n",
       "      <th>YEAR</th>\n",
       "      <th>ANONYMOUS_2</th>\n",
       "      <th>AG</th>\n",
       "      <th>CO</th>\n",
       "      <th>CR</th>\n",
       "      <th>CU</th>\n",
       "      <th>FE</th>\n",
       "      <th>H2O</th>\n",
       "      <th>MN</th>\n",
       "      <th>MO</th>\n",
       "      <th>NI</th>\n",
       "      <th>PQINDEX</th>\n",
       "      <th>TI</th>\n",
       "      <th>V</th>\n",
       "      <th>V40</th>\n",
       "      <th>ZN</th>\n",
       "    </tr>\n",
       "  </thead>\n",
       "  <tbody>\n",
       "    <tr>\n",
       "      <th>0</th>\n",
       "      <td>2192</td>\n",
       "      <td>2016</td>\n",
       "      <td>200</td>\n",
       "      <td>0</td>\n",
       "      <td>0</td>\n",
       "      <td>0</td>\n",
       "      <td>1</td>\n",
       "      <td>12</td>\n",
       "      <td>0.0</td>\n",
       "      <td>0</td>\n",
       "      <td>0</td>\n",
       "      <td>0</td>\n",
       "      <td>10</td>\n",
       "      <td>0</td>\n",
       "      <td>0</td>\n",
       "      <td>91.3</td>\n",
       "      <td>1091</td>\n",
       "    </tr>\n",
       "    <tr>\n",
       "      <th>1</th>\n",
       "      <td>2794</td>\n",
       "      <td>2011</td>\n",
       "      <td>200</td>\n",
       "      <td>0</td>\n",
       "      <td>0</td>\n",
       "      <td>2</td>\n",
       "      <td>1</td>\n",
       "      <td>278</td>\n",
       "      <td>0.0</td>\n",
       "      <td>3</td>\n",
       "      <td>0</td>\n",
       "      <td>0</td>\n",
       "      <td>2732</td>\n",
       "      <td>1</td>\n",
       "      <td>0</td>\n",
       "      <td>126.9</td>\n",
       "      <td>12</td>\n",
       "    </tr>\n",
       "    <tr>\n",
       "      <th>2</th>\n",
       "      <td>1982</td>\n",
       "      <td>2010</td>\n",
       "      <td>200</td>\n",
       "      <td>0</td>\n",
       "      <td>0</td>\n",
       "      <td>0</td>\n",
       "      <td>16</td>\n",
       "      <td>5</td>\n",
       "      <td>0.0</td>\n",
       "      <td>0</td>\n",
       "      <td>0</td>\n",
       "      <td>0</td>\n",
       "      <td>11</td>\n",
